1788936808
73923
1000000000
2304000
1788936818
80384
1000000000
2304000
1788936828
84076
1000000000
2304000
1788936838
85000
800000000
2208000
1788936848
85000
800000000
2208000
1788936858
85000
800000000
1800000
1788936868
85000
800000000
2016000
1788936878
85000
800000000
2208000
1788936889
85000
800000000
1800000
1788936899
85000
800000000
1416000
1788936909
85000
800000000
1608000
1788936919
85000
800000000
2016000
1788936929
85000
800000000
1800000
1788936939
85000
800000000
1608000
1788936949
85000
800000000
1608000
1788936959
85000
800000000
2016000
1788936969
85000
800000000
1608000
1788936979
85000
800000000
1608000
1788936989
85000
800000000
1608000
1788936999
85000
800000000
1608000
1788937009
85000
800000000
1608000
1788937019
85000
800000000
1608000
1788937029
85000
800000000
1608000
1788937039
85000
800000000
1608000
1788937049
85000
800000000
1800000
1788937059
85000
800000000
1608000
1788937069
84076
800000000
1608000
1788937079
85000
800000000
1608000
1788937089
85000
800000000
1608000
1788937099
85000
800000000
1608000
1788937109
85000
800000000
1800000
1788937119
85000
800000000
1800000
1788937129
85000
800000000
1800000
1788937139
85000
800000000
1608000
1788937149
85000
800000000
1608000
1788937159
85000
800000000
1608000
1788937169
85000
800000000
1608000
1788937179
85000
800000000
1608000
1788937189
85000
800000000
1416000
1788937199
85000
800000000
1608000
1788937209
84076
800000000
2016000
1788937219
85000
800000000
1608000
1788937229
85000
800000000
1608000
1788937239
84076
800000000
1800000
1788937249
85000
800000000
1608000
1788937259
85000
800000000
1416000
1788937269
85000
800000000
1800000
1788937279
85000
800000000
1608000
1788937289
85000
800000000
1608000
1788937299
85000
800000000
1608000
1788937309
85000
800000000
1608000
1788937319
85000
800000000
1608000
1788937329
85000
800000000
1800000
1788937339
85000
800000000
1608000
1788937349
85000
800000000
1800000
1788937359
85000
800000000
1608000
1788937369
85000
800000000
1608000
1788937379
85000
800000000
1608000
1788937389
84076
800000000
2208000
1788937399
85000
800000000
2016000
1788937409
84076
800000000
2016000
1788937419
85000
800000000
1608000
1788937429
85000
800000000
1800000
1788937439
84076
800000000
2016000
1788937449
85000
800000000
408000
1788937459
85000
800000000
408000
1788937469
85000
800000000
408000
1788937479
85000
800000000
408000
1788937489
85000
800000000
408000
1788937499
85000
800000000
408000
1788937509
85000
800000000
1608000
1788937519
85000
800000000
1608000
1788937529
85000
800000000
1608000
1788937539
84076
800000000
1800000
1788937549
85000
800000000
1608000
1788937559
85000
800000000
1608000
1788937569
85000
800000000
1608000
1788937579
84076
800000000
1800000
1788937589
83153
800000000
2208000
